,open,high,low,close,adjclose,volume,ticker
2009-11-30,7.181000232696533,7.295499801635742,6.755499839782715,6.879000186920166,6.879000186920166,627018000,AMZN
2009-12-07,6.900000095367432,6.949999809265137,6.491000175476074,6.707499980926514,6.707499980926514,957260000,AMZN
2009-12-14,6.625,6.630499839782715,6.28249979019165,6.423999786376953,6.423999786376953,915898000,AMZN
2009-12-21,6.52400016784668,6.985000133514404,6.509500026702881,6.923500061035156,6.923500061035156,648120000,AMZN
2009-12-28,6.987500190734863,7.129000186920166,6.72599983215332,6.72599983215332,6.72599983215332,572014000,AMZN
2010-01-04,6.8125,6.83050012588501,6.440000057220459,6.676000118255615,6.676000118255615,889826000,AMZN
2010-01-11,6.63100004196167,6.639999866485596,6.287499904632568,6.35699987411499,6.35699987411499,1075006000,AMZN
2010-01-18,6.315499782562256,6.460000038146973,6.038000106811523,6.071499824523926,6.071499824523926,790136000,AMZN
2010-01-25,6.105000019073486,6.59250020980835,5.906000137329102,6.270500183105469,6.270500183105469,1862252000,AMZN
2010-02-01,6.158999919891357,6.243000030517578,5.690999984741211,5.869500160217285,5.869500160217285,1941376000,AMZN
2010-02-08,5.968999862670898,6.050000190734863,5.800000190734863,5.982999801635742,5.982999801635742,835268000,AMZN
2010-02-15,6.002999782562256,6.025000095367432,5.741000175476074,5.875999927520752,5.875999927520752,695864000,AMZN
2010-02-22,5.868500232696533,5.989999771118164,5.792500019073486,5.920000076293945,5.920000076293945,730408000,AMZN
2010-03-01,5.934999942779541,6.472499847412109,5.876500129699707,6.445499897003174,6.445499897003174,922268000,AMZN
2010-03-08,6.414999961853027,6.710000038146973,6.385499954223633,6.591000080108643,6.591000080108643,613880000,AMZN
2010-03-15,6.585000038146973,6.685500144958496,6.43149995803833,6.517499923706055,6.517499923706055,574936000,AMZN
2010-03-22,6.510000228881836,6.8495001792907715,6.360000133514404,6.752999782562256,6.752999782562256,741364000,AMZN
2010-03-29,6.768499851226807,6.9095001220703125,6.559000015258789,6.5904998779296875,6.5904998779296875,484120000,AMZN
2010-04-05,6.642499923706055,7.066500186920166,6.539000034332275,7.002999782562256,7.002999782562256,768248000,AMZN
2010-04-12,7.0,7.358500003814697,6.955999851226807,7.108500003814697,7.108500003814697,687150000,AMZN
2010-04-19,7.117499828338623,7.554500102996826,6.956500053405762,7.18149995803833,7.18149995803833,1036982000,AMZN
2010-04-26,7.159999847412109,7.386499881744385,6.8454999923706055,6.855000019073486,6.855000019073486,792406000,AMZN
2010-05-03,6.860000133514404,6.9720001220703125,6.03000020980835,6.249000072479248,6.249000072479248,997942000,AMZN
2010-05-10,6.486499786376953,6.8495001792907715,6.3379998207092285,6.426499843597412,6.426499843597412,599454000,AMZN
2010-05-17,6.4120001792907715,6.5625,5.875999927520752,6.136000156402588,6.136000156402588,678474000,AMZN
2010-05-24,6.128499984741211,6.380000114440918,5.925000190734863,6.2729997634887695,6.2729997634887695,542328000,AMZN
2010-05-31,6.248499870300293,6.457499980926514,6.082499980926514,6.138500213623047,6.138500213623047,383976000,AMZN
2010-06-07,6.291999816894531,6.33050012588501,5.789999961853027,6.151500225067139,6.151500225067139,713728000,AMZN
2010-06-14,6.211999893188477,6.39900016784668,6.125,6.291500091552734,6.291500091552734,394866000,AMZN
2010-06-21,6.3394999504089355,6.374000072479248,5.840000152587891,6.050000190734863,6.050000190734863,610616000,AMZN
2010-06-28,5.942500114440918,6.001999855041504,5.30049991607666,5.456999778747559,5.456999778747559,824522000,AMZN
2010-07-05,5.53249979019165,5.874000072479248,5.449999809265137,5.86299991607666,5.86299991607666,420008000,AMZN
2010-07-12,5.890500068664551,6.24399995803833,5.866000175476074,5.924499988555908,5.924499988555908,588146000,AMZN
2010-07-19,5.919000148773193,6.0625,5.289999961853027,5.94350004196167,5.94350004196167,1485042000,AMZN
2010-07-26,5.913000106811523,5.94350004196167,5.725500106811523,5.894499778747559,5.894499778747559,753190000,AMZN
2010-08-02,5.957499980926514,6.423500061035156,5.878499984741211,6.415999889373779,6.415999889373779,600316000,AMZN
2010-08-09,6.422999858856201,6.5,6.177499771118164,6.234499931335449,6.234499931335449,493578000,AMZN
2010-08-16,6.180500030517578,6.540500164031982,6.1519999504089355,6.388000011444092,6.388000011444092,534470000,AMZN
2010-08-23,6.39300012588501,6.460999965667725,6.112500190734863,6.331999778747559,6.331999778747559,487000000,AMZN
2010-08-30,6.301499843597412,6.974999904632568,6.125,6.939499855041504,6.939499855041504,535570000,AMZN
2010-09-06,6.877999782562256,7.130000114440918,6.822500228881836,7.122000217437744,7.122000217437744,394262000,AMZN
2010-09-13,7.203499794006348,7.448999881744385,7.177999973297119,7.415999889373779,7.415999889373779,547740000,AMZN
2010-09-20,7.434999942779541,8.044500350952148,7.367499828338623,8.036499977111816,8.036499977111816,765200000,AMZN
2010-09-27,8.01099967956543,8.08899974822998,7.610000133514404,7.685500144958496,7.685500144958496,770348000,AMZN
2010-10-04,7.697500228881836,8.060500144958496,7.638999938964844,7.777500152587891,7.777500152587891,571354000,AMZN
2010-10-11,7.744500160217285,8.244000434875488,7.570000171661377,8.232000350952148,8.232000350952148,591192000,AMZN
2010-10-18,8.25,8.508500099182129,7.828499794006348,8.456500053405762,8.456500053405762,988952000,AMZN
2010-10-25,8.578499794006348,8.599499702453613,8.240500450134277,8.261500358581543,8.261500358581543,532504000,AMZN
2010-11-01,8.22249984741211,8.626500129699707,8.076000213623047,8.53849983215332,8.53849983215332,564402000,AMZN
2010-11-08,8.541999816894531,8.668499946594238,8.2524995803833,8.284000396728516,8.284000396728516,559544000,AMZN
2010-11-15,8.258000373840332,8.267499923706055,7.838500022888184,8.241000175476074,8.241000175476074,628700000,AMZN
2010-11-22,8.255000114440918,8.918999671936035,8.230999946594238,8.859999656677246,8.859999656677246,538438000,AMZN
2010-11-29,8.999500274658203,9.092000007629395,8.696000099182129,8.784000396728516,8.784000396728516,653448000,AMZN
2010-12-06,8.776000022888184,9.07349967956543,8.668000221252441,8.781000137329102,8.781000137329102,451584000,AMZN
2010-12-13,8.816499710083008,8.949999809265137,8.654500007629395,8.878999710083008,8.878999710083008,446542000,AMZN
2010-12-20,8.963500022888184,9.282500267028809,8.902000427246094,9.129500389099121,9.129500389099121,395652000,AMZN
2010-12-27,9.095000267028809,9.227499961853027,8.975500106811523,9.0,9.0,255152000,AMZN
2011-01-03,9.068499565124512,9.422499656677246,9.060500144958496,9.274499893188477,9.274499893188477,443668000,AMZN
2011-01-10,9.251999855041504,9.446999549865723,9.125499725341797,9.4375,9.4375,317980000,AMZN
2011-01-17,9.432999610900879,9.579999923706055,8.842000007629395,8.871000289916992,8.871000289916992,405894000,AMZN
2011-01-24,8.897500038146973,9.25,8.345000267028809,8.557000160217285,8.557000160217285,970322000,AMZN
2011-01-31,8.508000373840332,8.85949993133545,8.370499610900879,8.796500205993652,8.796500205993652,487564000,AMZN
2011-02-07,8.807499885559082,9.475000381469727,8.738499641418457,9.462499618530273,9.462499618530273,623632000,AMZN
2011-02-14,9.462499618530273,9.569999694824219,9.256500244140625,9.324999809265137,9.324999809265137,403690000,AMZN
2011-02-21,9.184000015258789,9.236000061035156,8.719499588012695,8.862000465393066,8.862000465393066,399340000,AMZN
2011-02-28,8.695500373840332,8.794500350952148,8.417499542236328,8.583499908447266,8.583499908447266,537570000,AMZN
2011-03-07,8.595999717712402,8.604499816894531,8.194999694824219,8.403499603271484,8.403499603271484,557382000,AMZN
2011-03-14,8.329999923706055,8.406999588012695,8.029500007629395,8.090999603271484,8.090999603271484,561574000,AMZN
2011-03-21,8.168499946594238,8.674500465393066,8.041000366210938,8.548999786376953,8.548999786376953,459296000,AMZN
2011-03-28,8.59000015258789,9.162500381469727,8.462499618530273,9.006500244140625,9.006500244140625,513106000,AMZN
2011-04-04,9.044500350952148,9.41349983215332,9.034500122070312,9.23550033569336,9.23550033569336,469534000,AMZN
2011-04-11,9.243000030517578,9.32450008392334,8.951000213623047,9.000499725341797,9.000499725341797,414170000,AMZN
2011-04-18,8.918999671936035,9.298500061035156,8.768500328063965,9.294500350952148,9.294500350952148,293562000,AMZN
2011-04-25,9.282500267028809,9.890000343322754,9.036999702453613,9.790499687194824,9.790499687194824,1044040000,AMZN
2011-05-02,9.828499794006348,10.170999526977539,9.768500328063965,9.880000114440918,9.880000114440918,613240000,AMZN
2011-05-09,9.916999816894531,10.319499969482422,9.83899974822998,10.128000259399414,10.128000259399414,508880000,AMZN
2011-05-16,10.027000427246094,10.045000076293945,9.568499565124512,9.932499885559082,9.932499885559082,569954000,AMZN
2011-05-23,9.777999877929688,9.864500045776367,9.543999671936035,9.706500053405762,9.706500053405762,365236000,AMZN
2011-05-30,9.79699993133545,9.92199993133545,9.380999565124512,9.416000366210938,9.416000366210938,297472000,AMZN
2011-06-06,9.400500297546387,9.588000297546387,9.258999824523926,9.326499938964844,9.326499938964844,404936000,AMZN
2011-06-13,9.340499877929688,9.6225004196167,9.079500198364258,9.318499565124512,9.318499565124512,530024000,AMZN
2011-06-20,9.29800033569336,9.760000228881836,9.278499603271484,9.6274995803833,9.6274995803833,367362000,AMZN
2011-06-27,9.725000381469727,10.513500213623047,9.701499938964844,10.474499702453613,10.474499702453613,459834000,AMZN
2011-07-04,10.437999725341797,10.916000366210938,10.43649959564209,10.913999557495117,10.913999557495117,260912000,AMZN
2011-07-11,10.836999893188477,10.875,10.464500427246094,10.643500328063965,10.643500328063965,404488000,AMZN
2011-07-18,10.626500129699707,11.010000228881836,10.41450023651123,10.826000213623047,10.826000213623047,376904000,AMZN
2011-07-25,10.774499893188477,11.359999656677246,10.517499923706055,11.12600040435791,11.12600040435791,733692000,AMZN
2011-08-01,11.25,11.3725004196167,9.741999626159668,10.135000228881836,10.135000228881836,743532000,AMZN
2011-08-08,9.819999694824219,10.254500389099121,9.5024995803833,10.114999771118164,10.114999771118164,853972000,AMZN
2011-08-15,10.102999687194824,10.263999938964844,8.8774995803833,8.946499824523926,8.946499824523926,590046000,AMZN
2011-08-22,9.141500473022461,9.986000061035156,8.854999542236328,9.963500022888184,9.963500022888184,559710000,AMZN
2011-08-29,10.140999794006348,10.881999969482422,10.1274995803833,10.5,10.5,546780000,AMZN
2011-09-05,10.238499641418457,11.031999588012695,10.22350025177002,10.569499969482422,10.569499969482422,409684000,AMZN
2011-09-12,10.4375,12.022000312805176,10.432499885559082,11.96500015258789,11.96500015258789,668430000,AMZN
2011-09-19,11.855500221252441,12.199999809265137,10.949999809265137,11.180500030517578,11.180500030517578,724260000,AMZN
2011-09-26,11.37399959564209,11.790499687194824,10.760499954223633,10.81149959564209,10.81149959564209,879946000,AMZN
2011-10-03,10.850500106811523,11.395000457763672,10.021499633789062,11.237000465393066,11.237000465393066,709556000,AMZN
2011-10-10,11.31149959564209,12.33549976348877,11.204999923706055,12.33549976348877,12.33549976348877,548296000,AMZN
2011-10-17,12.214500427246094,12.33549976348877,11.462499618530273,11.73900032043457,11.73900032043457,504024000,AMZN
2011-10-24,11.800999641418457,12.023500442504883,9.825499534606934,10.866000175476074,10.866000175476074,1275546000,AMZN
2011-10-31,10.78950023651123,10.944499969482422,10.371500015258789,10.824000358581543,10.824000358581543,627158000,AMZN
2011-11-07,10.842000007629395,11.010000228881836,10.404999732971191,10.869500160217285,10.869500160217285,453256000,AMZN
2011-11-14,10.782500267028809,11.117500305175781,9.855500221252441,9.857000350952148,9.857000350952148,683824000,AMZN
2011-11-21,9.66450023651123,9.729999542236328,9.075499534606934,9.119999885559082,9.119999885559082,684402000,AMZN
2011-11-28,9.582500457763672,9.982999801635742,9.364999771118164,9.80150032043457,9.80150032043457,727066000,AMZN
2011-12-05,9.942999839782715,9.949999809265137,9.420000076293945,9.65149974822998,9.65149974822998,541426000,AMZN
2011-12-12,9.501500129699707,9.557499885559082,8.512499809265137,9.062999725341797,9.062999725341797,783574000,AMZN
2011-12-19,9.100000381469727,9.175000190734863,8.624500274658203,8.86400032043457,8.86400032043457,507836000,AMZN
2011-12-26,8.886500358581543,8.929499626159668,8.34850025177002,8.654999732971191,8.654999732971191,381990000,AMZN
2012-01-02,8.794500350952148,9.232500076293945,8.702500343322754,9.130499839782715,9.130499839782715,402670000,AMZN
2012-01-09,9.137999534606934,9.218500137329102,8.675000190734863,8.920999526977539,8.920999526977539,445694000,AMZN
2012-01-16,9.007499694824219,9.79699993133545,8.92549991607666,9.546500205993652,9.546500205993652,516486000,AMZN
2012-01-23,9.53950023651123,9.824999809265137,9.190999984741211,9.768500328063965,9.768500328063965,481962000,AMZN
2012-01-30,9.684000015258789,9.781499862670898,8.600000381469727,9.383999824523926,9.383999824523926,1127794000,AMZN
2012-02-06,9.314000129699707,9.381500244140625,9.088000297546387,9.277000427246094,9.277000427246094,577536000,AMZN
2012-02-13,9.358499526977539,9.678500175476074,8.756999969482422,9.125,9.125,867496000,AMZN
2012-02-20,9.132499694824219,9.237500190734863,8.847999572753906,8.956500053405762,8.956500053405762,427288000,AMZN
2012-02-27,8.876999855041504,9.214500427246094,8.824999809265137,8.96500015258789,8.96500015258789,467296000,AMZN
2012-03-05,8.949999809265137,9.418999671936035,8.902000427246094,9.215999603271484,9.215999603271484,479570000,AMZN
2012-03-12,9.206500053405762,9.284000396728516,9.015000343322754,9.2524995803833,9.2524995803833,395744000,AMZN
2012-03-19,9.172499656677246,9.8100004196167,9.144000053405762,9.751999855041504,9.751999855041504,540136000,AMZN
2012-03-26,9.824000358581543,10.492500305175781,9.774999618530273,10.125499725341797,10.125499725341797,672176000,AMZN
2012-04-02,9.901000022888184,10.119500160217285,9.618000030517578,9.719499588012695,9.719499588012695,402108000,AMZN
2012-04-09,9.60099983215332,9.710000038146973,9.280500411987305,9.42300033569336,9.42300033569336,387768000,AMZN
2012-04-16,9.450499534606934,9.727499961853027,9.182499885559082,9.49899959564209,9.49899959564209,362428000,AMZN
2012-04-23,9.44950008392334,11.434499740600586,9.275500297546387,11.342499732971191,11.342499732971191,863266000,AMZN
2012-04-30,11.197500228881836,11.692000389099121,11.15250015258789,11.19950008392334,11.19950008392334,594918000,AMZN
2012-05-07,11.118000030517578,11.534000396728516,10.90999984741211,11.383999824523926,11.383999824523926,407814000,AMZN
2012-05-14,11.279999732971191,11.530500411987305,10.64050006866455,10.692500114440918,10.692500114440918,476186000,AMZN
2012-05-21,10.701499938964844,10.99899959564209,10.559000015258789,10.644499778747559,10.644499778747559,337384000,AMZN
2012-05-28,10.71500015258789,10.827500343322754,10.355500221252441,10.41100025177002,10.41100025177002,313352000,AMZN
2012-06-04,10.369999885559082,11.07450008392334,10.318499565124512,10.923999786376953,10.923999786376953,338690000,AMZN
2012-06-11,10.874500274658203,11.043499946594238,10.628000259399414,10.917499542236328,10.917499542236328,315074000,AMZN
2012-06-18,10.86400032043457,11.30150032043457,10.83650016784668,11.107999801635742,11.107999801635742,271222000,AMZN
2012-06-25,11.015000343322754,11.417499542236328,10.899999618530273,11.417499542236328,11.417499542236328,310896000,AMZN
2012-07-02,11.46500015258789,11.524999618530273,11.208999633789062,11.2524995803833,11.2524995803833,190958000,AMZN
2012-07-09,11.25,11.357000350952148,10.630499839782715,10.919500350952148,10.919500350952148,249538000,AMZN
2012-07-16,10.829999923706055,11.469499588012695,10.697999954223633,11.41450023651123,11.41450023651123,314072000,AMZN
2012-07-23,11.236000061035156,11.916999816894531,10.7475004196167,11.866000175476074,11.866000175476074,648436000,AMZN
2012-07-30,11.850000381469727,12.036999702453613,11.432999610900879,11.748499870300293,11.748499870300293,312144000,AMZN
2012-08-06,11.777999877929688,11.899999618530273,11.571499824523926,11.637499809265137,11.637499809265137,176738000,AMZN
2012-08-13,11.611499786376953,12.167499542236328,11.550000190734863,12.058500289916992,12.058500289916992,308218000,AMZN
2012-08-20,12.068499565124512,12.343500137329102,11.90999984741211,12.286999702453613,12.286999702453613,261756000,AMZN
2012-08-27,12.28950023651123,12.5,12.149999618530273,12.41349983215332,12.41349983215332,288792000,AMZN
2012-09-03,12.41349983215332,12.970999717712402,12.232999801635742,12.956999778747559,12.956999778747559,339886000,AMZN
2012-09-10,12.949999809265137,13.205499649047852,12.675000190734863,13.06350040435791,13.06350040435791,291140000,AMZN
2012-09-17,13.0625,13.142000198364258,12.836999893188477,12.873499870300293,12.873499870300293,322620000,AMZN
2012-09-24,12.76099967956543,12.947500228881836,12.411499977111816,12.715999603271484,12.715999603271484,317764000,AMZN
2012-10-01,12.770000457763672,13.095000267028809,12.451499938964844,12.92549991607666,12.92549991607666,260590000,AMZN
2012-10-08,12.883500099182129,12.989999771118164,12.094499588012695,12.118000030517578,12.118000030517578,297118000,AMZN
2012-10-15,12.142499923706055,12.545499801635742,11.92549991607666,12.0,12.0,363344000,AMZN
2012-10-22,11.940500259399414,11.947500228881836,11.145999908447266,11.911999702453613,11.911999702453613,614366000,AMZN
2012-10-29,11.815999984741211,11.9350004196167,11.524999618530273,11.621000289916992,11.621000289916992,241548000,AMZN
2012-11-05,11.60200023651123,11.887499809265137,11.229999542236328,11.315500259399414,11.315500259399414,284130000,AMZN
2012-11-12,11.329500198364258,11.461000442504883,10.909000396728516,11.261500358581543,11.261500358581543,311004000,AMZN
2012-11-19,11.416000366210938,12.0,11.3725004196167,11.994000434875488,11.994000434875488,221980000,AMZN
2012-11-26,12.019499778747559,12.632499694824219,11.899999618530273,12.602499961853027,12.602499961853027,381562000,AMZN
2012-12-03,12.626999855041504,12.77750015258789,12.432999610900879,12.66349983215332,12.66349983215332,293714000,AMZN
2012-12-10,12.654999732971191,12.73900032043457,12.332500457763672,12.459500312805176,12.459500312805176,306084000,AMZN
2012-12-17,12.490500450134277,13.155500411987305,12.463000297546387,12.845999717712402,12.845999717712402,336544000,AMZN
2012-12-24,12.864999771118164,12.975000381469727,12.142999649047852,12.258999824523926,12.258999824523926,212702000,AMZN
2012-12-31,12.1875,13.043999671936035,12.137499809265137,12.957500457763672,12.957500457763672,226302000,AMZN
2013-01-07,13.148500442504883,13.486499786376953,13.114999771118164,13.397000312805176,13.397000312805176,309260000,AMZN
2013-01-14,13.399999618530273,13.725000381469727,13.376999855041504,13.605999946594238,13.605999946594238,269882000,AMZN
2013-01-21,13.581000328063965,14.236000061035156,13.332500457763672,14.19950008392334,14.19950008392334,260634000,AMZN
2013-01-28,14.189000129699707,14.223999977111816,12.917499542236328,13.25,13.25,809130000,AMZN
2013-02-04,13.138999938964844,13.40149974822998,12.755499839782715,13.09749984741211,13.09749984741211,367236000,AMZN
2013-02-11,13.15999984741211,13.532500267028809,12.829999923706055,13.254500389099121,13.254500389099121,381666000,AMZN
2013-02-18,13.295499801635742,13.71500015258789,13.080499649047852,13.270999908447266,13.270999908447266,262906000,AMZN
2013-02-25,13.347000122070312,13.434499740600586,12.786499977111816,13.286999702453613,13.286999702453613,298266000,AMZN
2013-03-04,13.267999649047852,13.833999633789062,13.206999778747559,13.709500312805176,13.709500312805176,260174000,AMZN
2013-03-11,13.671500205993652,13.869999885559082,13.0024995803833,13.090999603271484,13.090999603271484,342558000,AMZN
2013-03-18,12.96500015258789,13.07450008392334,12.603500366210938,12.887499809265137,12.887499809265137,302572000,AMZN
2013-03-25,12.928999900817871,13.369000434875488,12.725000381469727,13.32450008392334,13.32450008392334,205670000,AMZN
2013-04-01,13.348999977111816,13.369999885559082,12.683500289916992,12.77400016784668,12.77400016784668,241830000,AMZN
2013-04-08,12.795999526977539,13.66349983215332,12.781499862670898,13.643500328063965,13.643500328063965,254630000,AMZN
2013-04-15,13.553999900817871,13.755999565124512,12.829999923706055,13.015999794006348,13.015999794006348,286768000,AMZN
2013-04-22,12.967499732971191,13.789999961853027,12.64050006866455,12.740500450134277,12.740500450134277,527780000,AMZN
2013-04-29,12.744999885559082,12.962499618530273,12.287500381469727,12.90250015258789,12.90250015258789,464148000,AMZN
2013-05-06,12.904500007629395,13.182499885559082,12.645500183105469,13.181500434875488,13.181500434875488,281462000,AMZN
2013-05-13,13.138500213623047,13.49899959564209,13.100000381469727,13.494999885559082,13.494999885559082,234816000,AMZN
2013-05-20,13.449999809265137,13.589500427246094,12.916999816894531,13.086999893188477,13.086999893188477,219576000,AMZN
2013-05-27,13.324000358581543,13.595499992370605,13.241999626159668,13.460000038146973,13.460000038146973,208324000,AMZN
2013-06-03,13.447999954223633,14.005000114440918,13.147500038146973,13.843500137329102,13.843500137329102,305074000,AMZN
2013-06-10,13.833999633789062,14.123499870300293,13.51449966430664,13.69950008392334,13.69950008392334,264476000,AMZN
2013-06-17,13.817500114440918,14.166999816894531,13.489500045776367,13.668000221252441,13.668000221252441,300852000,AMZN
2013-06-24,13.564499855041504,14.010000228881836,13.25,13.884499549865723,13.884499549865723,301114000,AMZN
2013-07-01,13.949999809265137,14.329000473022461,13.857999801635742,14.293999671936035,14.293999671936035,189696000,AMZN
2013-07-08,14.321000099182129,15.3774995803833,14.307000160217285,15.3774995803833,15.3774995803833,323582000,AMZN
2013-07-15,15.363499641418457,15.469499588012695,15.093500137329102,15.261500358581543,15.261500358581543,259448000,AMZN
2013-07-22,15.462499618530273,15.680999755859375,14.77750015258789,15.600500106811523,15.600500106811523,414882000,AMZN
2013-07-29,15.553500175476074,15.649999618530273,14.944999694824219,15.21049976348877,15.21049976348877,272616000,AMZN
2013-08-05,15.170000076293945,15.180999755859375,14.6274995803833,14.86299991607666,14.86299991607666,206738000,AMZN
2013-08-12,14.78950023651123,14.954000473022461,14.225000381469727,14.241000175476074,14.241000175476074,199066000,AMZN
2013-08-19,14.259499549865723,14.574999809265137,14.173999786376953,14.500499725341797,14.500499725341797,185270000,AMZN
2013-08-26,14.521499633789062,14.552499771118164,13.966500282287598,14.048999786376953,14.048999786376953,174918000,AMZN
2013-09-02,14.236499786376953,14.944000244140625,14.208499908447266,14.793000221252441,14.793000221252441,188896000,AMZN
2013-09-09,14.861000061035156,15.100000381469727,14.8100004196167,14.895999908447266,14.895999908447266,162428000,AMZN
2013-09-16,14.991000175476074,16.028499603271484,14.762999534606934,15.817000389099121,15.817000389099121,294090000,AMZN
2013-09-23,15.700499534606934,15.968500137329102,15.43850040435791,15.80049991607666,15.80049991607666,191490000,AMZN
2013-09-30,15.670499801635742,16.145999908447266,15.553000450134277,15.95199966430664,15.95199966430664,214544000,AMZN
2013-10-07,15.76200008392334,15.767000198364258,14.824999809265137,15.544500350952148,15.544500350952148,264300000,AMZN
2013-10-14,15.461000442504883,16.594499588012695,15.26200008392334,16.446500778198242,16.446500778198242,299782000,AMZN
2013-10-21,16.49449920654297,18.420000076293945,16.190000534057617,18.16950035095215,18.16950035095215,543950000,AMZN
2013-10-28,17.996000289916992,18.299999237060547,17.80500030517578,17.950000762939453,17.950000762939453,322424000,AMZN
2013-11-04,18.006000518798828,18.14349937438965,17.0939998626709,17.515499114990234,17.515499114990234,262620000,AMZN
2013-11-11,17.529499053955078,18.645000457763672,17.284000396728516,18.458499908447266,18.458499908447266,320590000,AMZN
2013-11-18,18.513999938964844,18.725000381469727,18.022499084472656,18.61549949645996,18.61549949645996,226876000,AMZN
2013-11-25,18.69099998474121,19.704999923706055,18.659000396728516,19.680999755859375,19.680999755859375,207448000,AMZN
2013-12-02,19.950000762939453,19.950000762939453,19.068500518798828,19.34749984741211,19.34749984741211,293268000,AMZN
2013-12-09,19.405500411987305,19.47100067138672,18.975000381469727,19.211999893188477,19.211999893188477,261972000,AMZN
2013-12-16,19.25149917602539,20.236000061035156,19.155000686645508,20.110000610351562,20.110000610351562,310916000,AMZN
2013-12-23,20.184499740600586,20.2814998626709,19.8125,19.90399932861328,19.90399932861328,157906000,AMZN
2013-12-30,19.970500946044922,20.135499954223633,19.622499465942383,19.82200050354004,19.82200050354004,176632000,AMZN
2014-01-06,19.792499542236328,20.344499588012695,19.42099952697754,19.882999420166016,19.882999420166016,243712000,AMZN
2014-01-13,19.89900016784668,20.17449951171875,19.422500610351562,19.980499267578125,19.980499267578125,299392000,AMZN
2014-01-20,20.149999618530273,20.402999877929688,19.363500595092773,19.3799991607666,19.3799991607666,253328000,AMZN
2014-01-27,19.524999618530273,20.3125,17.88800048828125,17.934499740600586,17.934499740600586,736846000,AMZN
2014-02-03,17.948999404907227,18.09000015258789,16.886499404907227,18.054000854492188,18.054000854492188,543906000,AMZN
2014-02-10,18.08049964904785,18.25,17.31599998474121,17.86750030517578,17.86750030517578,419094000,AMZN
2014-02-17,17.763999938964844,17.786500930786133,17.2189998626709,17.33799934387207,17.33799934387207,337378000,AMZN
2014-02-24,17.25950050354004,18.293500900268555,17.164499282836914,18.104999542236328,18.104999542236328,359802000,AMZN
2014-03-03,17.937000274658203,18.76650047302246,17.724000930786133,18.60300064086914,18.60300064086914,291148000,AMZN
2014-03-10,18.63450050354004,19.155500411987305,18.180500030517578,18.687000274658203,18.687000274658203,355994000,AMZN
2014-03-17,18.785999298095703,18.950000762939453,17.920000076293945,18.0310001373291,18.0310001373291,308116000,AMZN
2014-03-24,18.004499435424805,18.075000762939453,16.54400062561035,16.914499282836914,16.914499282836914,463862000,AMZN
2014-03-31,17.1200008392334,17.415000915527344,15.780500411987305,16.149999618530273,16.149999618530273,626140000,AMZN
2014-04-07,16.04949951171875,16.608999252319336,15.475000381469727,15.58650016784668,15.58650016784668,642516000,AMZN
2014-04-14,15.883500099182129,16.433000564575195,15.274999618530273,16.245500564575195,16.245500564575195,365524000,AMZN
2014-04-21,16.19849967956543,16.875,15.135499954223633,15.191499710083008,15.191499710083008,715790000,AMZN
2014-04-28,15.199999809265137,15.66450023651123,14.399999618530273,15.400500297546387,15.400500297546387,668028000,AMZN
2014-05-05,15.318499565124512,15.511500358581543,14.218999862670898,14.612000465393066,14.612000465393066,442572000,AMZN
2014-05-12,14.71500015258789,15.279999732971191,14.519000053405762,14.885000228881836,14.885000228881836,369894000,AMZN
2014-05-19,14.788000106811523,15.617500305175781,14.690500259399414,15.612000465393066,15.612000465393066,308368000,AMZN
2014-05-26,15.720499992370605,15.743499755859375,15.369000434875488,15.6274995803833,15.6274995803833,284276000,AMZN
2014-06-02,15.629500389099121,16.54400062561035,15.192000389099121,16.48349952697754,16.48349952697754,394608000,AMZN
2014-06-09,16.578500747680664,17.035999298095703,16.17650032043457,16.313499450683594,16.313499450683594,367070000,AMZN
2014-06-16,16.243000030517578,16.94499969482422,16.020999908447266,16.209999084472656,16.209999084472656,463000000,AMZN
2014-06-23,16.166500091552734,16.486499786376953,16.070499420166016,16.228500366210938,16.228500366210938,253498000,AMZN
2014-06-30,16.249000549316406,16.915000915527344,16.11199951171875,16.874500274658203,16.874500274658203,209410000,AMZN
2014-07-07,16.875,17.350000381469727,16.06999969482422,17.309999465942383,17.309999465942383,410648000,AMZN
2014-07-14,17.351499557495117,17.983999252319336,17.26799964904785,17.933000564575195,17.933000564575195,406556000,AMZN
2014-07-21,17.905000686645508,18.24250030517578,15.73799991607666,16.20050048828125,16.20050048828125,655796000,AMZN
2014-07-28,16.212499618530273,16.240999221801758,15.229499816894531,15.352999687194824,15.352999687194824,508366000,AMZN
2014-08-04,15.442000389099121,15.866000175476074,15.425000190734863,15.84000015258789,15.84000015258789,299828000,AMZN
2014-08-11,15.923999786376953,16.75,15.843999862670898,16.681499481201172,16.681499481201172,332812000,AMZN
2014-08-18,16.77400016784668,16.889999389648438,16.540000915527344,16.579500198364258,16.579500198364258,203840000,AMZN
2014-08-25,16.660499572753906,17.333499908447266,16.635499954223633,16.95199966430664,16.95199966430664,255324000,AMZN
2014-09-01,16.999000549316406,17.4689998626709,16.857999801635742,17.319000244140625,17.319000244140625,207846000,AMZN
2014-09-08,17.226999282836914,17.29050064086914,16.319499969482422,16.559499740600586,16.559499740600586,350980000,AMZN
2014-09-15,16.545499801635742,16.63800048828125,15.949999809265137,16.56599998474121,16.56599998474121,417188000,AMZN
2014-09-22,16.42449951171875,16.47450065612793,15.881999969482422,16.160499572753906,16.160499572753906,293426000,AMZN
2014-09-29,16.024999618530273,16.257999420166016,15.565500259399414,16.136999130249023,16.136999130249023,284824000,AMZN
2014-10-06,16.174999237060547,16.206499099731445,15.569000244140625,15.569499969482422,15.569499969482422,307566000,AMZN
2014-10-13,15.493499755859375,15.65999984741211,14.691499710083008,15.182000160217285,15.182000160217285,444600000,AMZN
2014-10-20,15.147500038146973,15.949000358581543,14.199999809265137,14.352999687194824,14.352999687194824,775180000,AMZN
2014-10-27,14.28499984741211,15.28600025177002,14.25100040435791,15.27299976348877,15.27299976348877,500220000,AMZN
2014-11-03,15.312000274658203,15.400500297546387,14.614500045776367,14.993000030517578,14.993000030517578,354998000,AMZN
2014-11-10,15.0,16.643999099731445,15.0,16.391000747680664,16.391000747680664,427198000,AMZN
2014-11-17,16.32200050354004,16.916500091552734,15.90149974822998,16.631500244140625,16.631500244140625,390386000,AMZN
2014-11-24,16.73900032043457,17.062999725341797,16.56399917602539,16.93199920654297,16.93199920654297,207092000,AMZN
2014-12-01,16.9060001373291,17.031999588012695,15.541999816894531,15.631500244140625,15.631500244140625,399434000,AMZN
2014-12-08,15.578499794006348,15.82800006866455,15.057000160217285,15.366000175476074,15.366000175476074,347020000,AMZN
2014-12-15,15.443499565124512,15.543000221252441,14.65149974822998,14.994999885559082,14.994999885559082,624472000,AMZN
2014-12-22,15.097000122070312,15.538999557495117,15.097000122070312,15.454500198364258,15.454500198364258,222502000,AMZN
2014-12-29,15.392499923706055,15.737500190734863,15.329000473022461,15.425999641418457,15.425999641418457,198664000,AMZN
2015-01-05,15.350500106811523,15.418999671936035,14.619000434875488,14.846500396728516,14.846500396728516,292286000,AMZN
2015-01-12,14.878000259399414,15.074999809265137,14.262499809265137,14.536999702453613,14.536999702453613,419878000,AMZN
2015-01-19,14.629500389099121,15.846500396728516,14.319499969482422,15.619500160217285,15.619500160217285,459984000,AMZN
2015-01-26,15.590999603271484,17.975000381469727,14.966500282287598,17.726499557495117,17.726499557495117,833330000,AMZN
2015-02-02,17.502500534057617,18.940000534057617,17.500499725341797,18.714000701904297,18.714000701904297,635088000,AMZN
2015-02-09,18.549999237060547,19.149999618530273,18.360000610351562,19.09149932861328,19.09149932861328,281290000,AMZN
2015-02-16,18.88599967956543,19.184999465942383,18.633499145507812,19.183000564575195,19.183000564575195,250712000,AMZN
2015-02-23,19.172000885009766,19.4685001373291,18.808000564575195,19.007999420166016,19.007999420166016,249834000,AMZN
2015-03-02,19.042499542236328,19.42099952697754,18.944000244140625,19.004499435424805,19.004499435424805,233306000,AMZN
2015-03-09,18.920000076293945,18.96649932861328,18.312999725341797,18.52899932861328,18.52899932861328,266984000,AMZN
2015-03-16,18.518999099731445,18.9685001373291,18.334999084472656,18.92449951171875,18.92449951171875,254490000,AMZN
2015-03-23,18.903499603271484,19.088499069213867,18.282499313354492,18.527999877929688,18.527999877929688,268736000,AMZN
2015-03-30,18.5935001373291,18.885000228881836,18.41699981689453,18.612499237060547,18.612499237060547,173208000,AMZN
2015-04-06,18.5049991607666,19.356000900268555,18.468000411987305,19.13249969482422,19.13249969482422,252156000,AMZN
2015-04-13,19.17650032043457,19.390499114990234,18.719999313354492,18.777999877929688,18.777999877929688,246628000,AMZN
2015-04-20,18.927499771118164,22.63249969482422,18.850000381469727,22.2549991607666,22.2549991607666,765824000,AMZN
2015-04-27,22.19300079345703,22.34950065612793,20.799999237060547,21.14349937438965,21.14349937438965,408136000,AMZN
2015-05-04,21.239999771118164,21.760000228881836,20.727500915527344,21.684499740600586,21.684499740600586,267084000,AMZN
2015-05-11,21.625499725341797,21.950000762939453,21.21500015258789,21.299999237060547,21.299999237060547,249332000,AMZN
2015-05-18,21.299999237060547,21.844999313354492,20.917999267578125,21.381500244140625,21.381500244140625,263852000,AMZN
2015-05-25,21.309999465942383,21.625,21.100000381469727,21.46150016784668,21.46150016784668,188076000,AMZN
2015-06-01,21.520000457763672,21.91950035095215,21.309999465942383,21.34749984741211,21.34749984741211,221376000,AMZN
2015-06-08,21.2810001373291,21.944499969482422,20.957000732421875,21.496000289916992,21.496000289916992,232208000,AMZN
2015-06-15,21.382999420166016,22.249500274658203,21.131999969482422,21.746000289916992,21.746000289916992,288136000,AMZN
2015-06-22,21.850000381469727,22.351999282836914,21.684499740600586,21.905000686645508,21.905000686645508,251028000,AMZN
2015-06-29,21.749000549316406,22.0,21.450000762939453,21.885499954223633,21.885499954223633,173612000,AMZN
2015-07-06,21.761499404907227,22.236000061035156,21.278499603271484,22.175500869750977,22.175500869750977,248258000,AMZN
2015-07-13,22.414499282836914,24.270999908447266,22.37700080871582,24.15049934387207,24.15049934387207,414164000,AMZN
2015-07-20,24.62849998474121,29.028499603271484,23.78499984741211,26.47100067138672,26.47100067138672,846660000,AMZN
2015-07-27,26.387500762939453,27.247499465942383,26.1560001373291,26.8075008392334,26.8075008392334,465708000,AMZN
2015-08-03,26.872499465942383,27.136999130249023,25.910499572753906,26.131000518798828,26.131000518798828,332558000,AMZN
2015-08-10,26.426000595092773,26.732999801635742,25.652999877929688,26.576000213623047,26.576000213623047,282896000,AMZN
2015-08-17,26.56450080871582,26.97450065612793,24.723499298095703,24.723499298095703,24.723499298095703,361830000,AMZN
2015-08-24,23.179000854492188,26.13450050354004,22.549999237060547,25.90049934387207,25.90049934387207,619934000,AMZN
2015-08-31,25.82200050354004,25.970500946044922,24.671499252319336,24.950000762939453,24.950000762939453,328322000,AMZN
2015-09-07,25.434499740600586,26.497499465942383,25.425500869750977,26.472000122070312,26.472000122070312,279706000,AMZN
2015-09-14,26.472000122070312,27.348499298095703,25.860000610351562,27.01300048828125,27.01300048828125,371570000,AMZN
2015-09-21,27.21649932861328,27.48900032043457,26.06999969482422,26.212499618530273,26.212499618530273,337892000,AMZN
2015-09-28,26.000999450683594,26.6299991607666,24.524999618530273,26.62700080871582,26.62700080871582,445260000,AMZN
2015-10-05,26.84950065612793,27.575000762939453,25.99449920654297,26.989999771118164,26.989999771118164,398402000,AMZN
2015-10-12,26.99799919128418,28.547000885009766,26.983999252319336,28.538000106811523,28.538000106811523,370980000,AMZN
2015-10-19,28.538000106811523,30.97249984741211,27.625999450683594,29.951499938964844,29.951499938964844,610746000,AMZN
2015-10-26,30.114999771118164,31.535999298095703,29.81450080871582,31.295000076293945,31.295000076293945,395068000,AMZN
2015-11-02,31.35650062561035,33.112998962402344,31.02050018310547,32.96849822998047,32.96849822998047,394398000,AMZN
2015-11-09,32.932498931884766,33.79800033569336,32.022499084472656,32.11750030517578,32.11750030517578,469428000,AMZN
2015-11-16,32.04600143432617,33.643001556396484,31.114500045776367,33.42250061035156,33.42250061035156,496544000,AMZN
2015-11-23,33.57500076293945,34.13850021362305,33.06050109863281,33.66299819946289,33.66299819946289,271864000,AMZN
2015-11-30,33.79499816894531,34.24100112915039,33.06999969482422,33.63199996948242,33.63199996948242,486348000,AMZN
2015-12-07,33.73699951171875,33.9995002746582,31.981000900268555,32.00749969482422,32.00749969482422,429456000,AMZN
2015-12-14,32.087501525878906,34.125,31.763500213623047,33.207000732421875,33.207000732421875,471410000,AMZN
2015-12-21,33.42499923706055,33.494998931884766,32.83150100708008,33.13949966430664,33.13949966430664,194656000,AMZN
2015-12-28,33.27799987792969,34.821998596191406,33.275001525878906,33.794498443603516,33.794498443603516,335744000,AMZN
2016-01-04,32.81449890136719,32.88600158691406,30.260499954223633,30.352500915527344,30.352500915527344,661082000,AMZN
2016-01-11,30.624000549316406,31.29949951171875,28.264999389648438,28.509000778198242,28.509000778198242,645868000,AMZN
2016-01-18,28.85449981689453,30.0049991607666,27.358999252319336,29.819000244140625,29.819000244140625,456918000,AMZN
2016-01-25,29.899499893188477,31.902999877929688,28.5,29.350000381469727,29.350000381469727,840150000,AMZN
2016-02-01,28.907499313354492,29.09000015258789,24.95949935913086,25.10650062561035,25.10650062561035,772476000,AMZN
2016-02-08,24.32349967956543,25.837499618530273,23.700000762939453,25.354000091552734,25.354000091552734,729436000,AMZN
2016-02-15,25.974000930786133,27.059999465942383,25.58300018310547,26.7450008392334,26.7450008392334,393044000,AMZN
2016-02-22,27.110000610351562,28.125,26.657499313354492,27.761499404907227,27.761499404907227,505032000,AMZN
2016-02-29,27.700000762939453,29.25,27.625499725341797,28.756999969482422,28.756999969482422,398478000,AMZN
2016-03-07,28.677000045776367,28.681499481201172,27.395000457763672,28.480499267578125,28.480499267578125,434508000,AMZN
2016-03-14,28.350000381469727,29.076000213623047,27.304500579833984,27.604000091552734,27.604000091552734,481874000,AMZN
2016-03-21,27.445499420166016,29.177499771118164,26.929000854492188,29.147499084472656,29.147499084472656,366510000,AMZN
2016-03-28,29.219999313354492,30.16200065612793,28.777999877929688,29.924999237060547,29.924999237060547,340076000,AMZN
2016-04-04,29.950000762939453,30.11949920654297,29.262500762939453,29.729999542236328,29.729999542236328,268210000,AMZN
2016-04-11,29.80699920654297,31.338499069213867,29.61549949645996,31.29450035095215,31.29450035095215,319470000,AMZN
2016-04-18,31.267499923706055,31.90049934387207,30.577999114990234,31.024999618530273,31.024999618530273,374128000,AMZN
2016-04-25,30.83049964904785,33.499000549316406,29.959999084472656,32.97949981689453,32.97949981689453,549128000,AMZN
2016-05-02,33.19599914550781,34.275001525878906,32.79999923706055,33.6974983215332,33.6974983215332,507736000,AMZN
2016-05-09,33.6974983215332,36.122501373291016,33.570499420166016,35.49599838256836,35.49599838256836,544752000,AMZN
2016-05-16,35.506500244140625,35.7234992980957,34.4379997253418,35.13999938964844,35.13999938964844,415586000,AMZN
2016-05-23,35.212501525878906,35.83000183105469,34.82099914550781,35.61199951171875,35.61199951171875,271850000,AMZN
2016-05-30,35.61650085449219,36.41400146484375,35.566001892089844,36.277000427246094,36.277000427246094,265506000,AMZN
2016-06-06,36.32500076293945,36.57500076293945,35.71049880981445,35.89550018310547,35.89550018310547,265134000,AMZN
2016-06-13,35.70050048828125,36.12799835205078,34.95899963378906,35.31949996948242,35.31949996948242,351286000,AMZN
2016-06-20,35.67499923706055,36.10599899291992,34.61000061035156,34.948001861572266,34.948001861572266,370654000,AMZN
2016-06-27,34.60049819946289,36.400001525878906,34.10599899291992,36.284000396728516,36.284000396728516,369012000,AMZN
2016-07-04,36.13999938964844,37.30500030517578,35.980499267578125,37.29050064086914,37.29050064086914,254892000,AMZN
2016-07-11,37.5,37.867000579833984,36.70249938964844,36.77199935913086,36.77199935913086,369464000,AMZN
2016-07-18,36.77450180053711,37.56399917602539,36.43600082397461,37.24300003051758,37.24300003051758,239610000,AMZN
2016-07-25,37.32749938964844,38.29999923706055,36.63750076293945,37.94049835205078,37.94049835205078,450336000,AMZN
2016-08-01,37.993499755859375,38.525001525878906,37.51750183105469,38.29899978637695,38.29899978637695,332912000,AMZN
2016-08-08,38.34049987792969,38.6875,38.05099868774414,38.62799835205078,38.62799835205078,180994000,AMZN
2016-08-15,38.595001220703125,38.60200119018555,37.84450149536133,37.865501403808594,37.865501403808594,188324000,AMZN
2016-08-22,37.875,38.5,37.60499954223633,38.45000076293945,38.45000076293945,186946000,AMZN
2016-08-29,38.43600082397461,38.79999923706055,38.20000076293945,38.62200164794922,38.62200164794922,190314000,AMZN
2016-09-05,38.70199966430664,39.53950119018555,38.00550079345703,38.00699996948242,38.00699996948242,248644000,AMZN
2016-09-12,37.86750030517578,39.02299880981445,37.79999923706055,38.92599868774414,38.92599868774414,345962000,AMZN
2016-09-19,38.99850082397461,40.38750076293945,38.54999923706055,40.287498474121094,40.287498474121094,267708000,AMZN
2016-09-26,40.09000015258789,41.997501373291016,39.85749816894531,41.865501403808594,41.865501403808594,404918000,AMZN
2016-10-03,41.79999923706055,42.36050033569336,41.51300048828125,41.971500396728516,41.971500396728516,285980000,AMZN
2016-10-10,42.162498474121094,42.2599983215332,41.06050109863281,41.14799880981445,41.14799880981445,277738000,AMZN
2016-10-17,41.07500076293945,41.16299819946289,40.154998779296875,40.949501037597656,40.949501037597656,278194000,AMZN
2016-10-24,41.247501373291016,42.15449905395508,38.730499267578125,38.816001892089844,38.816001892089844,591098000,AMZN
2016-10-31,39.05149841308594,40.04199981689453,37.6614990234375,37.752498626708984,37.752498626708984,494796000,AMZN
2016-11-07,38.582000732421875,39.58700180053711,35.8849983215332,36.95050048828125,36.95050048828125,746594000,AMZN
2016-11-14,37.2755012512207,38.387001037597656,35.505001068115234,38.007999420166016,38.007999420166016,515788000,AMZN
2016-11-21,38.29999923706055,39.619998931884766,38.25550079345703,39.01850128173828,39.01850128173828,306066000,AMZN
2016-11-28,38.8494987487793,38.849998474121094,36.834999084472656,37.016998291015625,37.016998291015625,411286000,AMZN
2016-12-05,37.25,38.68949890136719,37.099998474121094,38.43299865722656,38.43299865722656,349096000,AMZN
2016-12-12,38.31999969482422,39.12300109863281,37.70000076293945,37.88850021362305,37.88850021362305,447082000,AMZN
2016-12-19,37.94449996948242,38.71950149536133,37.80799865722656,38.02949905395508,38.02949905395508,247732000,AMZN
2016-12-26,38.16999816894531,39.0,37.41400146484375,37.493499755859375,37.493499755859375,264748000,AMZN
2017-01-02,37.895999908447266,39.97200012207031,37.3849983215332,39.79949951171875,39.79949951171875,356958000,AMZN
2017-01-09,39.900001525878906,41.08250045776367,39.47549819946289,40.856998443603516,40.856998443603516,353262000,AMZN
2017-01-16,40.78499984741211,40.80099868774414,40.172000885009766,40.416500091552734,40.416500091552734,238834000,AMZN
2017-01-23,40.34000015258789,42.19200134277344,40.25400161743164,41.78850173950195,41.78850173950195,325536000,AMZN
2017-01-30,41.650001525878906,42.1245002746582,40.20000076293945,40.5099983215332,40.5099983215332,579080000,AMZN
2017-02-06,40.4900016784668,41.400001525878906,40.150001525878906,41.37300109863281,41.37300109863281,302718000,AMZN
2017-02-13,41.58100128173828,42.36349868774414,41.4275016784668,42.253501892089844,42.253501892089844,315218000,AMZN
2017-02-20,42.44200134277344,43.042999267578125,41.88750076293945,42.262001037597656,42.262001037597656,265494000,AMZN
2017-02-27,42.11899948120117,42.74150085449219,41.98350143432617,42.49399948120117,42.49399948120117,246812000,AMZN
2017-03-06,42.26150131225586,42.86750030517578,42.055999755859375,42.62300109863281,42.62300109863281,232582000,AMZN
2017-03-13,42.5885009765625,42.78450012207031,42.355499267578125,42.615501403808594,42.615501403808594,236584000,AMZN
2017-03-20,42.57550048828125,43.13999938964844,41.95249938964844,42.28049850463867,42.28049850463867,268312000,AMZN
2017-03-27,41.903499603271484,44.51750183105469,41.67499923706055,44.32699966430664,44.32699966430664,340070000,AMZN
2017-04-03,44.400001525878906,46.18600082397461,44.270999908447266,44.74399948120117,44.74399948120117,519408000,AMZN
2017-04-10,44.98149871826172,45.5620002746582,44.2244987487793,44.23350143432617,44.23350143432617,236554000,AMZN
2017-04-17,44.375,45.525001525878906,44.375,44.92649841308594,44.92649841308594,279180000,AMZN
2017-04-24,45.433998107910156,47.47949981689453,45.150001525878906,46.2495002746582,46.2495002746582,435652000,AMZN
2017-05-01,46.38999938964844,47.720001220703125,46.38999938964844,46.70750045776367,46.70750045776367,363656000,AMZN
2017-05-08,47.04750061035156,48.13949966430664,46.96049880981445,48.067501068115234,48.067501068115234,291886000,AMZN
2017-05-15,47.936500549316406,48.50299835205078,47.20600128173828,47.992000579833984,47.992000579833984,409074000,AMZN
2017-05-22,48.20000076293945,49.95000076293945,48.14500045776367,49.78900146484375,49.78900146484375,315900000,AMZN
2017-05-29,49.82550048828125,50.42399978637695,49.108001708984375,50.33649826049805,50.33649826049805,267666000,AMZN
2017-06-05,50.36149978637695,50.82500076293945,46.349998474121094,48.91550064086914,48.91550064086914,386098000,AMZN
2017-06-12,48.349998474121094,49.98749923706055,47.25,49.385501861572266,49.385501861572266,696974000,AMZN
2017-06-19,50.849998474121094,50.849998474121094,49.494998931884766,50.1870002746582,50.1870002746582,343504000,AMZN
2017-06-26,50.42499923706055,50.4900016784668,48.26250076293945,48.400001525878906,48.400001525878906,371990000,AMZN
2017-07-03,48.63949966430664,49.00550079345703,47.54999923706055,48.9379997253418,48.9379997253418,249302000,AMZN
2017-07-10,49.25,50.4275016784668,49.17499923706055,50.09049987792969,50.09049987792969,302418000,AMZN
2017-07-17,50.234500885009766,51.74850082397461,50.19049835205078,51.28350067138672,51.28350067138672,330326000,AMZN
2017-07-24,51.41699981689453,54.16550064086914,50.04999923706055,51.00199890136719,51.00199890136719,547160000,AMZN
2017-07-31,50.95249938964844,50.95249938964844,49.08649826049805,49.37900161743164,49.37900161743164,439616000,AMZN
2017-08-07,49.532501220703125,49.81399917602539,47.569000244140625,48.39950180053711,48.39950180053711,366024000,AMZN
2017-08-14,48.920501708984375,49.58700180053711,47.73249816894531,47.923500061035156,47.923500061035156,313030000,AMZN
2017-08-21,47.878501892089844,48.39649963378906,47.05699920654297,47.26300048828125,47.26300048828125,342066000,AMZN
2017-08-28,47.32699966430664,49.224998474121094,46.81650161743164,48.912498474121094,48.912498474121094,284860000,AMZN
2017-09-04,48.77000045776367,49.02949905395508,48.01850128173828,48.29499816894531,48.29499816894531,203704000,AMZN
2017-09-11,48.722999572753906,50.0,48.71099853515625,49.339500427246094,49.339500427246094,314320000,AMZN
2017-09-18,49.52000045776367,49.63949966430664,47.72100067138672,47.755001068115234,47.755001068115234,279012000,AMZN
2017-09-25,47.46549987792969,48.24150085449219,46.587501525878906,48.067501068115234,48.067501068115234,338082000,AMZN
2017-10-02,48.20000076293945,49.787498474121094,47.51850128173828,49.479000091552734,49.479000091552734,292964000,AMZN
2017-10-09,49.6619987487793,50.422000885009766,49.005001068115234,50.14699935913086,50.14699935913086,297188000,AMZN
2017-10-16,50.422000885009766,51.115501403808594,49.012001037597656,49.14550018310547,49.14550018310547,246032000,AMZN
2017-10-23,49.33649826049805,55.27899932861328,48.125,55.04750061035156,55.04750061035156,628696000,AMZN
2017-10-30,54.7504997253418,56.13949966430664,54.34349822998047,55.58000183105469,55.58000183105469,425640000,AMZN
2017-11-06,55.45750045776367,56.777000427246094,55.438499450683594,56.26750183105469,56.26750183105469,291284000,AMZN
2017-11-13,56.150001525878906,56.994998931884766,56.08150100708008,56.49399948120117,56.49399948120117,292244000,AMZN
2017-11-20,56.48849868774414,59.34199905395508,56.127498626708984,59.29999923706055,59.29999923706055,234532000,AMZN
2017-11-27,60.132999420166016,60.670501708984375,57.259498596191406,58.11750030517578,58.11750030517578,583544000,AMZN
2017-12-04,58.692501068115234,58.7599983215332,56.23699951171875,58.099998474121094,58.099998474121094,368534000,AMZN
2017-12-11,58.22999954223633,59.13750076293945,57.849998474121094,58.957000732421875,58.957000732421875,304182000,AMZN
2017-12-18,59.368499755859375,59.73899841308594,58.38199996948242,58.417999267578125,58.417999267578125,232296000,AMZN
2017-12-25,58.417999267578125,59.505001068115234,58.02750015258789,58.4734992980957,58.4734992980957,168050000,AMZN
2018-01-01,58.599998474121094,61.457000732421875,58.5255012512207,61.457000732421875,61.457000732421875,247402000,AMZN
2018-01-08,61.79999923706055,65.28800201416016,61.60150146484375,65.26000213623047,65.26000213623047,383910000,AMZN
2018-01-15,66.1500015258789,66.99700164794922,64.04399871826172,64.72899627685547,64.72899627685547,421598000,AMZN
2018-01-22,64.8584976196289,70.12650299072266,64.83300018310547,70.10250091552734,70.10250091552734,514544000,AMZN
2018-01-29,70.45899963378906,74.9000015258789,69.25700378417969,71.49749755859375,71.49749755859375,764760000,AMZN
2018-02-05,70.13099670410156,73.04949951171875,63.29650115966797,66.9800033569336,66.9800033569336,1048892000,AMZN
2018-02-12,68.2334976196289,73.4469985961914,67.20050048828125,72.43450164794922,72.43450164794922,574826000,AMZN
2018-02-19,72.32450103759766,75.17449951171875,72.32450103759766,75.0,75.0,441596000,AMZN
2018-02-26,75.45999908447266,76.43499755859375,72.75050354003906,75.01249694824219,75.01249694824219,554032000,AMZN
2018-03-05,74.71199798583984,78.9469985961914,74.05000305175781,78.94450378417969,78.94450378417969,447332000,AMZN
2018-03-12,79.62999725341797,80.87699890136719,78.375,78.58399963378906,78.58399963378906,509204000,AMZN
2018-03-19,77.72650146484375,79.5,74.76799774169922,74.77799987792969,74.77799987792969,604796000,AMZN
2018-03-26,76.5,78.79850006103516,68.26000213623047,72.36699676513672,72.36699676513672,778214000,AMZN
2018-04-02,70.88099670410156,72.97799682617188,67.64399719238281,70.2614974975586,70.2614974975586,799458000,AMZN
2018-04-09,71.25150299072266,72.98899841308594,70.12850189208984,71.53949737548828,71.53949737548828,377302000,AMZN
2018-04-16,72.25,78.4260025024414,71.3740005493164,76.37449645996094,76.37449645996094,504316000,AMZN
2018-04-23,77.33450317382812,81.90499877929688,70.7509994506836,78.63099670410156,78.63099670410156,808034000,AMZN
2018-04-30,79.125,79.80000305175781,77.3010025024414,79.04750061035156,79.04750061035156,441840000,AMZN
2018-05-07,79.46700286865234,80.77999877929688,79.12550354003906,80.14550018310547,80.14550018310547,311770000,AMZN
2018-05-14,80.19999694824219,80.55899810791016,78.26100158691406,78.71849822998047,78.71849822998047,298956000,AMZN
2018-05-21,79.25,80.70600128173828,78.31700134277344,80.50749969482422,80.50749969482422,290622000,AMZN
2018-05-28,80.0354995727539,82.33650207519531,80.00749969482422,82.0770034790039,82.0770034790039,264672000,AMZN
2018-06-04,82.44499969482422,85.7249984741211,82.27449798583984,84.19950103759766,84.19950103759766,403278000,AMZN
2018-06-11,84.07550048828125,86.23999786376953,84.02950286865234,85.79850006103516,85.79850006103516,317484000,AMZN
2018-06-18,85.31300354003906,88.15499877929688,85.01950073242188,85.78350067138672,85.78350067138672,414932000,AMZN
2018-06-25,85.12550354003906,86.17050170898438,82.31549835205078,84.98999786376953,84.98999786376953,516864000,AMZN
2018-07-02,84.13500213623047,86.25,83.90299987792969,85.53150177001953,85.53150177001953,219928000,AMZN
2018-07-09,86.20249938964844,90.76499938964844,85.8115005493164,90.65149688720703,90.65149688720703,362812000,AMZN
2018-07-16,91.09750366210938,92.94400024414062,89.86900329589844,90.68499755859375,90.68499755859375,491446000,AMZN
2018-07-23,90.6104965209961,94.00250244140625,88.49949645996094,90.8635025024414,90.8635025024414,630216000,AMZN
2018-07-30,91.36650085449219,92.05000305175781,86.96600341796875,91.16449737548828,91.16449737548828,485386000,AMZN
2018-08-06,91.29049682617188,95.72850036621094,90.94599914550781,94.31500244140625,94.31500244140625,384652000,AMZN
2018-08-13,94.92500305175781,96.25,92.77749633789062,94.11100006103516,94.11100006103516,505594000,AMZN
2018-08-20,94.52850341796875,95.9749984741211,93.3030014038086,95.26950073242188,95.26950073242188,308240000,AMZN
2018-08-27,95.75,101.27850341796875,95.46399688720703,100.635498046875,100.635498046875,493664000,AMZN
2018-09-03,101.32499694824219,102.5250015258789,96.760498046875,97.60350036621094,97.60350036621094,526460000,AMZN
2018-09-10,98.55000305175781,100.43800354003906,95.8499984741211,98.5094985961914,98.5094985961914,425118000,AMZN
2018-09-17,97.73650360107422,97.91000366210938,94.37049865722656,95.75050354003906,95.75050354003906,507730000,AMZN
2018-09-24,95.18949890136719,101.32599639892578,93.25,100.1500015258789,100.1500015258789,429602000,AMZN
2018-10-01,101.09950256347656,101.65950012207031,93.1415023803711,94.48249816894531,94.48249816894531,563872000,AMZN
2018-10-08,93.69999694824219,95.0999984741211,84.25499725341797,89.43049621582031,89.43049621582031,930710000,AMZN
2018-10-15,89.75,92.25,86.71150207519531,88.20149993896484,88.20149993896484,587470000,AMZN
2018-10-22,89.19999694824219,90.4749984741211,80.1500015258789,82.1405029296875,82.1405029296875,868036000,AMZN
2018-10-29,83.0,84.87200164794922,73.81800079345703,83.27649688720703,83.27649688720703,1016148000,AMZN
2018-11-05,82.87850189208984,89.19999694824219,79.81800079345703,85.62149810791016,85.62149810791016,610228000,AMZN
2018-11-12,84.91200256347656,85.42749786376953,77.32550048828125,79.67050170898438,79.67050170898438,674396000,AMZN
2018-11-19,78.85050201416016,79.05950164794922,71.0,75.10299682617188,75.10299682617188,541864000,AMZN
2018-11-26,76.94999694824219,84.80000305175781,76.21099853515625,84.50849914550781,84.50849914550781,657492000,AMZN
2018-12-03,88.4729995727539,88.91699981689453,80.49250030517578,81.45649719238281,81.45649719238281,638446000,AMZN
2018-12-10,81.19200134277344,85.24949645996094,79.25,79.59549713134766,79.59549713134766,639520000,AMZN
2018-12-17,78.30000305175781,79.22650146484375,68.197998046875,68.87249755859375,68.87249755859375,955542000,AMZN
2018-12-24,67.30000305175781,75.67350006103516,65.3499984741211,73.9010009765625,73.9010009765625,723656000,AMZN
2018-12-31,75.54000091552734,79.69999694824219,73.04650115966797,78.76950073242188,78.76950073242188,621916000,AMZN
2019-01-07,80.1155014038086,83.83049774169922,79.45950317382812,82.02799987792969,82.02799987792969,688346000,AMZN
2019-01-14,80.75,85.80999755859375,79.75749969482422,84.80999755859375,84.80999755859375,572014000,AMZN
2019-01-21,84.05000305175781,84.17400360107422,80.51000213623047,83.52850341796875,83.52850341796875,413556000,AMZN
2019-01-28,82.17949676513672,86.82050323486328,79.53600311279297,81.3115005493164,81.3115005493164,753416000,AMZN
2019-02-04,81.1500015258789,83.61299896240234,78.33799743652344,79.41100311279297,79.41100311279297,472124000,AMZN
2019-02-11,80.04900360107422,82.81900024414062,79.30000305175781,80.39749908447266,80.39749908447266,404012000,AMZN
2019-02-18,80.05000305175781,81.74700164794922,80.02799987792969,81.5780029296875,81.5780029296875,271978000,AMZN
2019-02-25,82.07250213623047,83.71299743652344,80.75499725341797,83.58650207519531,83.58650207519531,339998000,AMZN
2019-03-04,84.25,85.47149658203125,79.32849884033203,81.04000091552734,81.04000091552734,469378000,AMZN
2019-03-11,81.30599975585938,85.94000244140625,81.30049896240234,85.61799621582031,85.61799621582031,430808000,AMZN
2019-03-18,85.63500213623047,91.1875,85.63150024414062,88.2385025024414,88.2385025024414,603794000,AMZN
2019-03-25,87.8895034790039,90.28849792480469,87.28399658203125,89.0374984741211,89.0374984741211,413166000,AMZN
2019-04-01,90.00550079345703,91.92900085449219,89.9365005493164,91.86399841308594,91.86399841308594,377548000,AMZN
2019-04-08,91.6614990234375,92.65450286865234,91.25550079345703,92.15299987792969,92.15299987792969,324008000,AMZN
2019-04-15,92.0999984741211,93.82350158691406,90.94499969482422,93.08450317382812,93.08450317382812,248248000,AMZN
2019-04-22,92.7699966430664,97.55000305175781,92.28199768066406,97.53150177001953,97.53150177001953,524434000,AMZN
2019-04-29,97.44999694824219,98.22000122070312,94.09349822998047,98.12300109863281,98.12300109863281,419776000,AMZN
2019-05-06,95.89900207519531,97.94999694824219,92.80000305175781,94.4990005493164,94.4990005493164,528496000,AMZN
2019-05-13,91.8280029296875,95.87550354003906,90.7874984741211,93.44999694824219,93.44999694824219,490990000,AMZN
2019-05-20,92.6344985961914,93.94999694824219,90.20999908447266,91.16400146484375,91.16400146484375,370678000,AMZN
2019-05-27,91.63749694824219,92.4635009765625,88.63500213623047,88.75350189208984,88.75350189208984,304894000,AMZN
2019-06-03,88.00050354003906,90.3125,83.5999984741211,90.20149993896484,90.20149993896484,550302000,AMZN
2019-06-10,91.0999984741211,94.68499755859375,90.9000015258789,93.4834976196289,93.4834976196289,354780000,AMZN
2019-06-17,93.82499694824219,96.76000213623047,93.77249908447266,95.56500244140625,95.56500244140625,331522000,AMZN
2019-06-24,95.63300323486328,95.84300231933594,93.62100219726562,94.68150329589844,94.68150329589844,258326000,AMZN
2019-07-01,96.14900207519531,97.29499816894531,95.33149719238281,97.14550018310547,97.14550018310547,203134000,AMZN
2019-07-08,96.70600128173828,101.79000091552734,96.4124984741211,100.55000305175781,100.55000305175781,379762000,AMZN
2019-07-15,101.06999969482422,101.31600189208984,97.57749938964844,98.22599792480469,98.22599792480469,296616000,AMZN
2019-07-22,98.55699920654297,100.06500244140625,96.22550201416016,97.15249633789062,97.15249633789062,345968000,AMZN
2019-07-29,96.5,96.61150360107422,90.4010009765625,91.16200256347656,91.16200256347656,430886000,AMZN
2019-08-05,88.51100158691406,91.71299743652344,87.43900299072266,90.37899780273438,90.37899780273438,444728000,AMZN
2019-08-12,89.79949951171875,91.58699798583984,87.86100006103516,89.62850189208984,89.62850189208984,371404000,AMZN
2019-08-19,90.90399932861328,91.47899627685547,87.2614974975586,87.48100280761719,87.48100280761719,294038000,AMZN
2019-08-26,88.34549713134766,89.98699951171875,87.17549896240234,88.81449890136719,88.81449890136719,291864000,AMZN
2019-09-02,88.5,92.0999984741211,88.4000015258789,91.67549896240234,91.67549896240234,233496000,AMZN
2019-09-09,92.05000305175781,92.68299865722656,90.26699829101562,91.96700286865234,91.96700286865234,256820000,AMZN
2019-09-16,91.20099639892578,91.62850189208984,89.0459976196289,89.70800018310547,89.70800018310547,310738000,AMZN
2019-09-23,88.8499984741211,89.7854995727539,85.69100189208984,86.27249908447266,86.27249908447266,369510000,AMZN
2019-09-30,86.34950256347656,87.77999877929688,84.25299835205078,86.98249816894531,86.98249816894531,299408000,AMZN
2019-10-07,86.58149719238281,87.3915023803711,85.25,86.59600067138672,86.59600067138672,251408000,AMZN
2019-10-14,86.44550323486328,89.94249725341797,86.0999984741211,87.87550354003906,87.87550354003906,275904000,AMZN
2019-10-21,88.48300170898438,89.48899841308594,84.75,88.06649780273438,88.06649780273438,409056000,AMZN
2019-10-28,87.40299987792969,89.87249755859375,87.125,89.5719985961914,89.5719985961914,280136000,AMZN
2019-11-04,90.05049896240234,90.75299835205078,88.7020034790039,89.29399871826172,89.29399871826172,229232000,AMZN
2019-11-11,88.9000015258789,89.31099700927734,86.64299774169922,86.97450256347656,86.97450256347656,263310000,AMZN
2019-11-18,86.91500091552734,88.1259994506836,86.135498046875,87.28600311279297,87.28600311279297,260846000,AMZN
2019-11-25,87.6624984741211,91.2344970703125,87.66200256347656,90.04000091552734,90.04000091552734,232328000,AMZN
2019-12-02,90.22000122070312,90.27749633789062,87.0,87.58000183105469,87.58000183105469,318356000,AMZN
2019-12-09,87.53299713134766,88.44950103759766,86.75,88.0469970703125,88.0469970703125,257926000,AMZN
2019-12-16,88.3499984741211,90.14849853515625,87.85250091552734,89.32499694824219,89.32499694824219,358892000,AMZN
2019-12-23,89.41300201416016,95.06999969482422,89.22550201416016,93.48999786376953,93.48999786376953,304194000,AMZN
2019-12-30,93.69999694824219,94.90049743652344,91.61150360107422,93.74849700927734,93.74849700927734,279492000,AMZN
2020-01-06,93.0,95.89099884033203,93.0,94.15799713134766,94.15799713134766,352714000,AMZN
2020-01-13,94.56549835205078,94.9000015258789,92.75450134277344,93.23600006103516,93.23600006103516,315502000,AMZN
2020-01-20,93.25,95.125,92.37200164794922,93.08200073242188,93.08200073242188,263498000,AMZN
2020-01-27,91.0,102.78600311279297,90.76699829101562,100.43599700927734,100.43599700927734,606384000,AMZN
2020-02-03,100.52999877929688,104.92649841308594,100.01249694824219,103.96399688720703,103.96399688720703,476710000,AMZN
2020-02-10,104.25050354003906,109.29750061035156,104.24800109863281,106.74349975585938,106.74349975585938,395490000,AMZN
2020-02-17,106.2509994506836,109.25499725341797,104.4000015258789,104.79850006103516,104.79850006103516,265688000,AMZN
2020-02-24,100.15899658203125,101.96499633789062,90.55650329589844,94.1875,94.1875,712314000,AMZN
2020-03-02,95.32450103759766,99.81649780273438,93.4749984741211,95.05449676513672,95.05449676513672,581818000,AMZN
2020-03-09,88.69300079345703,94.7135009765625,83.75,89.25,89.25,814544000,AMZN
2020-03-16,82.07550048828125,97.8499984741211,81.30149841308594,92.30449676513672,92.30449676513672,993948000,AMZN
2020-03-23,91.38749694824219,97.82450103759766,90.5999984741211,95.00499725341797,95.00499725341797,660878000,AMZN
2020-03-30,96.1415023803711,99.6510009765625,94.4574966430664,95.32949829101562,95.32949829101562,466350000,AMZN
2020-04-06,96.80000305175781,102.6500015258789,96.5009994506836,102.13800048828125,102.13800048828125,390220000,AMZN
2020-04-13,102.0,123.05000305175781,101.9000015258789,118.75,118.75,832774000,AMZN
2020-04-20,119.49749755859375,122.2490005493164,113.98300170898438,120.51100158691406,120.51100158691406,527022000,AMZN
2020-04-27,122.16000366210938,123.75,112.90950012207031,114.302001953125,114.302001953125,696276000,AMZN
2020-05-04,112.81900024414062,119.36199951171875,112.81900024414062,118.98049926757812,118.98049926757812,356584000,AMZN
2020-05-11,118.73500061035156,120.9834976196289,116.88999938964844,120.48899841308594,120.48899841308594,380002000,AMZN
2020-05-18,120.21749877929688,126.27249908447266,119.20050048828125,121.84400177001953,121.84400177001953,413146000,AMZN
2020-05-25,122.9000015258789,123.0999984741211,116.5,122.11849975585938,122.11849975585938,306504000,AMZN
2020-06-01,122.4000015258789,125.37699890136719,121.85649871826172,124.1500015258789,124.1500015258789,287698000,AMZN
2020-06-08,125.01000213623047,136.11749267578125,124.36699676513672,127.2509994506836,127.2509994506836,506578000,AMZN
2020-06-15,126.33000183105469,134.8715057373047,125.4000015258789,133.75050354003906,133.75050354003906,373496000,AMZN
2020-06-22,134.22500610351562,139.8000030517578,133.4499969482422,134.64349365234375,134.64349365234375,428732000,AMZN
2020-06-29,134.50050354003906,147.7779998779297,131.50399780273438,144.51499938964844,144.51499938964844,418998000,AMZN
2020-07-06,146.74850463867188,160.75,146.5,160.0,160.0,581008000,AMZN
2020-07-13,162.55299377441406,167.21449279785156,145.9114990234375,148.09849548339844,148.09849548339844,637934000,AMZN
2020-07-20,150.00999450683594,162.0290069580078,144.39999389648438,150.44549560546875,150.44549560546875,582260000,AMZN
2020-07-27,153.10000610351562,162.34100341796875,149.78799438476562,158.23399353027344,158.23399353027344,489702000,AMZN
2020-08-03,159.02549743652344,162.37350463867188,155.0605010986328,158.3730010986328,158.3730010986328,431244000,AMZN
2020-08-10,158.5155029296875,160.87600708007812,153.64999389648438,157.4010009765625,157.4010009765625,326164000,AMZN
2020-08-17,158.656005859375,166.0,157.70899963378906,164.23599243164062,164.23599243164062,382614000,AMZN
2020-08-24,165.50750732421875,172.64999389648438,162.8780059814453,170.08999633789062,170.08999633789062,446592000,AMZN
2020-08-31,170.44949340820312,177.6125030517578,155.55650329589844,164.7310028076172,164.7310028076172,569850000,AMZN
2020-09-07,157.1999969482422,167.4945068359375,154.19900512695312,155.81100463867188,155.81100463867188,434152000,AMZN
2020-09-14,158.64700317382812,159.3695068359375,145.27699279785156,147.74549865722656,147.74549865722656,568100000,AMZN
2020-09-21,145.3249969482422,156.69949340820312,143.5500030517578,154.75650024414062,154.75650024414062,577280000,AMZN
2020-09-28,157.4425048828125,161.1999969482422,155.85850524902344,156.25,156.25,464022000,AMZN
2020-10-05,157.29200744628906,164.44949340820312,154.5,164.33250427246094,164.33250427246094,425072000,AMZN
2020-10-12,167.4969940185547,174.81199645996094,158.0,163.635498046875,163.635498046875,632388000,AMZN
2020-10-19,164.98049926757812,166.4499969482422,156.0970001220703,160.22000122070312,160.22000122070312,440094000,AMZN
2020-10-26,159.93699645996094,164.58299255371094,150.9499969482422,151.8074951171875,151.8074951171875,615268000,AMZN
2020-11-02,153.08700561523438,168.33999633789062,147.50599670410156,165.56849670410156,165.56849670410156,588618000,AMZN
2020-11-09,161.55149841308594,164.4499969482422,150.9739990234375,156.4405059814453,156.4405059814453,525330000,AMZN
2020-11-16,154.66000366210938,159.46249389648438,153.63450622558594,154.97000122070312,154.97000122070312,331098000,AMZN
2020-11-23,155.8350067138672,160.8094940185547,153.2729949951172,159.76699829101562,159.76699829101562,289886000,AMZN
2020-11-30,160.4239959716797,162.44749450683594,156.27749633789062,158.12899780273438,158.12899780273438,350716000,AMZN
2020-12-07,157.82400512695312,159.2064971923828,153.64100646972656,155.8209991455078,155.8209991455078,324666000,AMZN
2020-12-14,157.14999389648438,163.17550659179688,156.3000030517578,160.08250427246094,160.08250427246094,427458000,AMZN
2020-12-21,160.00050354003906,161.34849548339844,158.3000030517578,158.63450622558594,158.63450622558594,195038000,AMZN
2020-12-28,159.6999969482422,167.53250122070312,158.63450622558594,162.84649658203125,162.84649658203125,334524000,AMZN
2021-01-04,163.5,163.60000610351562,156.55799865722656,159.13499450683594,159.13499450683594,370278000,AMZN
2021-01-11,157.40049743652344,159.49749755859375,154.3000030517578,155.21249389648438,155.21249389648438,356682000,AMZN
2021-01-18,155.35000610351562,167.42750549316406,154.8000030517578,164.6114959716797,164.6114959716797,327458000,AMZN
2021-01-25,166.4250030517578,168.1945037841797,159.2274932861328,160.30999755859375,160.30999755859375,376160000,AMZN
2021-02-01,162.1179962158203,171.6999969482422,161.75149536132812,167.6074981689453,167.6074981689453,512782000,AMZN
2021-02-08,167.9250030517578,168.25,161.66549682617188,163.885498046875,163.885498046875,264984000,AMZN
2021-02-15,162.70249938964844,166.89999389648438,162.28750610351562,162.4949951171875,162.4949951171875,264096000,AMZN
2021-02-22,160.406494140625,161.61599731445312,151.8350067138672,154.64649963378906,154.64649963378906,400278000,AMZN
2021-03-01,156.39450073242188,158.17599487304688,144.0500030517578,150.0229949951172,150.0229949951172,403676000,AMZN
2021-03-08,150.75,156.58900451660156,147.5655059814453,154.47450256347656,154.47450256347656,328516000,AMZN
2021-03-15,153.72850036621094,158.65249633789062,150.8314971923828,153.7480010986328,153.7480010986328,336920000,AMZN
2021-03-22,153.3925018310547,159.10000610351562,149.8000030517578,152.60150146484375,152.60150146484375,331098000,AMZN
2021-03-29,152.77200317382812,158.1219940185547,151.42250061035156,158.0500030517578,158.0500030517578,222356000,AMZN
2021-04-05,158.64999389648438,168.61000061035156,158.06199645996094,168.61000061035156,168.61000061035156,327450000,AMZN
2021-04-12,167.760498046875,171.60000610351562,166.3000030517578,169.9720001220703,169.9720001220703,323248000,AMZN
2021-04-19,169.51649475097656,171.79649353027344,165.07249450683594,167.04400634765625,167.04400634765625,266660000,AMZN
2021-04-26,167.39999389648438,177.6999969482422,166.5469970703125,173.37100219726562,173.37100219726562,560628000,AMZN
2021-05-03,174.2364959716797,174.33250427246094,162.36000061035156,164.58050537109375,164.58050537109375,483684000,AMZN
2021-05-10,164.11599731445312,164.14999389648438,156.36849975585938,161.14500427246094,161.14500427246094,441414000,AMZN
2021-05-17,162.29649353027344,165.60000610351562,159.1999969482422,160.1540069580078,160.1540069580078,319402000,AMZN
2021-05-24,160.77499389648438,164.7864990234375,160.52499389648438,161.15350341796875,161.15350341796875,259178000,AMZN
2021-05-31,162.1750030517578,162.5489959716797,159.20150756835938,160.31100463867188,160.31100463867188,181850000,AMZN
2021-06-07,159.8665008544922,168.32899475097656,158.61000061035156,167.3415069580078,167.3415069580078,287638000,AMZN
2021-06-14,167.3415069580078,175.35000610351562,166.77499389648438,174.34500122070312,174.34500122070312,391658000,AMZN
2021-06-21,173.8209991455078,176.2429962158203,169.70899963378906,170.072998046875,170.072998046875,344170000,AMZN
2021-06-28,170.8000030517578,175.58599853515625,170.4709930419922,175.5489959716797,175.5489959716797,239034000,AMZN
2021-07-05,176.5054931640625,187.99949645996094,176.4499969482422,185.9669952392578,185.9669952392578,420034000,AMZN
2021-07-12,187.1999969482422,188.6540069580078,178.5229949951172,178.68150329589844,178.68150329589844,338862000,AMZN
2021-07-19,176.62899780273438,183.3054962158203,174.95799255371094,182.83200073242188,182.83200073242188,301220000,AMZN
2021-07-26,183.6584930419922,185.60400390625,165.3489990234375,166.37950134277344,166.37950134277344,510340000,AMZN
2021-08-02,167.65499877929688,169.5500030517578,164.98849487304688,167.2469940185547,167.2469940185547,295324000,AMZN
2021-08-09,167.1804962158203,167.89999389648438,163.48350524902344,164.69850158691406,164.69850158691406,237576000,AMZN
2021-08-16,164.14999389648438,165.0,158.78799438476562,159.99749755859375,159.99749755859375,333064000,AMZN
2021-08-23,160.59500122070312,167.61599731445312,160.50050354003906,167.48150634765625,167.48150634765625,240028000,AMZN
2021-08-30,167.8715057373047,176.35000610351562,167.76100158691406,173.90249633789062,173.90249633789062,333558000,AMZN
2021-09-06,173.89999389648438,177.49949645996094,173.14549255371094,173.45750427246094,173.45750427246094,218156000,AMZN
2021-09-13,174.13999938964844,174.8979949951172,170.10049438476562,173.12600708007812,173.12600708007812,293272000,AMZN
2021-09-20,169.8000030517578,171.46299743652344,165.25050354003906,171.2760009765625,171.2760009765625,287140000,AMZN
2021-09-27,168.5749969482422,170.77850341796875,162.7969970703125,164.16299438476562,164.16299438476562,326112000,AMZN
2021-10-04,163.96949768066406,166.28750610351562,158.8125,164.43099975585938,164.43099975585938,294652000,AMZN
2021-10-11,163.75,170.52099609375,161.81399536132812,170.4510040283203,170.4510040283203,271266000,AMZN
2021-10-18,169.41799926757812,173.14300537109375,166.56500244140625,166.77749633789062,166.77749633789062,254410000,AMZN
2021-10-25,166.75,173.9499969482422,163.66600036621094,168.6215057373047,168.6215057373047,396426000,AMZN
2021-11-01,168.08999633789062,178.3125,164.17750549316406,175.94949340820312,175.94949340820312,399674000,AMZN
2021-11-08,176.16200256347656,180.2725067138672,172.3524932861328,176.25750732421875,176.25750732421875,327002000,AMZN
2021-11-15,176.85000610351562,188.1074981689453,176.25750732421875,183.82850646972656,183.82850646972656,366946000,AMZN
2021-11-22,183.81900024414062,185.67300415039062,175.20750427246094,175.22799682617188,175.22799682617188,277034000,AMZN
2021-11-29,177.3820037841797,179.8000030517578,166.92999267578125,169.489501953125,169.489501953125,365688000,AMZN
2021-12-06,169.64999389648438,177.49949645996094,166.9344940185547,172.21200561523438,172.21200561523438,287276000,AMZN
2021-12-13,172.0,174.16600036621094,165.19500732421875,170.0175018310547,170.0175018310547,340358000,AMZN
2021-12-20,166.85000610351562,172.0500030517578,165.60000610351562,171.06849670410156,171.06849670410156,205152000,AMZN
2021-12-27,171.03700256347656,172.9429931640625,166.55850219726562,166.7169952392578,166.7169952392578,234494000,AMZN
2022-01-03,167.5500030517578,171.39999389648438,161.93699645996094,162.5540008544922,162.5540008544922,297112000,AMZN
2022-01-10,160.5854949951172,166.8780059814453,156.30450439453125,162.13800048828125,162.13800048828125,298796000,AMZN
2022-01-17,159.10499572753906,159.7344970703125,142.07049560546875,142.64300537109375,142.64300537109375,356480000,AMZN
2022-01-24,139.0,145.18499755859375,135.3520050048828,143.97799682617188,143.97799682617188,493958000,AMZN
2022-01-31,144.75,161.1999969482422,138.33299255371094,157.63949584960938,157.63949584960938,703846000,AMZN
2022-02-07,158.52000427246094,163.83450317382812,152.73399353027344,153.2935028076172,153.2935028076172,392818000,AMZN
2022-02-14,151.75100708007812,160.3489990234375,150.89300537109375,152.60150146484375,152.60150146484375,320010000,AMZN
2022-02-21,150.47850036621094,153.99000549316406,139.5,153.7884979248047,153.7884979248047,293554000,AMZN
2022-02-28,152.4250030517578,154.4499969482422,143.8070068359375,145.64100646972656,145.64100646972656,276024000,AMZN
2022-03-07,145.44349670410156,149.6750030517578,133.57249450683594,145.52450561523438,145.52450561523438,465214000,AMZN
2022-03-14,145.9810028076172,161.593994140625,140.88400268554688,161.25050354003906,161.25050354003906,410524000,AMZN
2022-03-21,161.12100219726562,166.3699951171875,159.55299377441406,164.77349853515625,164.77349853515625,292266000,AMZN
2022-03-28,164.97500610351562,170.8314971923828,162.3195037841797,163.55999755859375,163.55999755859375,299232000,AMZN
2022-04-04,164.125,168.39450073242188,154.2310028076172,154.4604949951172,154.4604949951172,296804000,AMZN
2022-04-11,152.71299743652344,156.02499389648438,149.60000610351562,151.7064971923828,151.7064971923828,212278000,AMZN
2022-04-18,151.52349853515625,158.6490020751953,143.69749450683594,144.35000610351562,144.35000610351562,298118000,AMZN
2022-04-25,144.0229949951172,146.22149658203125,121.625,124.28150177001953,124.28150177001953,600718000,AMZN
2022-05-02,122.4010009765625,126.22049713134766,113.08149719238281,114.77249908447266,114.77249908447266,607320000,AMZN
2022-05-09,111.3125,114.0,102.40550231933594,113.05500030517578,113.05500030517578,568972000,AMZN
2022-05-16,113.0999984741211,115.80000305175781,105.0094985961914,107.59100341796875,107.59100341796875,447036000,AMZN
2022-05-23,108.46099853515625,115.18699645996094,101.26000213623047,115.14649963378906,115.14649963378906,490514000,AMZN
2022-05-30,116.27999877929688,125.61000061035156,115.67500305175781,122.3499984741211,122.3499984741211,470326000,AMZN
2022-06-06,125.25,128.99000549316406,109.05000305175781,109.6500015258789,109.6500015258789,439648100,AMZN
2022-06-13,104.19000244140625,109.05999755859375,101.43000030517578,106.22000122070312,106.22000122070312,435976000,AMZN
2022-06-20,108.19999694824219,116.70999908447266,103.55999755859375,116.45999908447266,116.45999908447266,265154200,AMZN
2022-06-27,117.08999633789062,117.9800033569336,102.5199966430664,109.55999755859375,109.55999755859375,374152000,AMZN
2022-07-04,107.5999984741211,116.98999786376953,106.31999969482422,115.54000091552734,115.54000091552734,247134600,AMZN
2022-07-11,114.08000183105469,115.58999633789062,106.01000213623047,113.55000305175781,113.55000305175781,304602600,AMZN
2022-07-18,115.0,125.5,113.1500015258789,122.41999816894531,122.41999816894531,303077400,AMZN
2022-07-25,122.69999694824219,137.64999389648438,114.52999877929688,134.9499969482422,134.9499969482422,409839500,AMZN
2022-08-01,134.9600067138672,143.55999755859375,133.50999450683594,140.8000030517578,140.8000030517578,331832200,AMZN
2022-08-08,142.0500030517578,144.22999572753906,138.2899932861328,139.41000366210938,139.41000366210938,52229000,AMZN
